2022/05/12-15:52:16.106878 5da8 RocksDB version: 5.18.4
2022/05/12-15:52:16.107031 5da8 Git sha rocksdb_build_git_sha:@b9a4a10659969c71e6f6eab4e4bae8c36ede919f@
2022/05/12-15:52:16.107048 5da8 Compile date Mar 11 2020
2022/05/12-15:52:16.107105 5da8 DB SUMMARY
2022/05/12-15:52:16.107283 5da8 SST files in D:\code\joolun\server\nacos-server\data\protocol\raft\naming_persistent_service_v2\log dir, Total Num: 0, files: 
2022/05/12-15:52:16.107299 5da8 Write Ahead Log file in D:\code\joolun\server\nacos-server\data\protocol\raft\naming_persistent_service_v2\log: 
2022/05/12-15:52:16.107307 5da8                         Options.error_if_exists: 0
2022/05/12-15:52:16.107319 5da8                       Options.create_if_missing: 1
2022/05/12-15:52:16.107325 5da8                         Options.paranoid_checks: 1
2022/05/12-15:52:16.107427 5da8                                     Options.env: 0000000000C86030
2022/05/12-15:52:16.107433 5da8                                Options.info_log: 00000000209C01D0
2022/05/12-15:52:16.107436 5da8                Options.max_file_opening_threads: 16
2022/05/12-15:52:16.107439 5da8                              Options.statistics: 000000002096EED0
2022/05/12-15:52:16.107441 5da8                               Options.use_fsync: 0
2022/05/12-15:52:16.107443 5da8                       Options.max_log_file_size: 0
2022/05/12-15:52:16.107446 5da8                  Options.max_manifest_file_size: 1073741824
2022/05/12-15:52:16.107448 5da8                   Options.log_file_time_to_roll: 0
2022/05/12-15:52:16.107451 5da8                       Options.keep_log_file_num: 1000
2022/05/12-15:52:16.107454 5da8                    Options.recycle_log_file_num: 0
2022/05/12-15:52:16.107456 5da8                         Options.allow_fallocate: 1
2022/05/12-15:52:16.107458 5da8                        Options.allow_mmap_reads: 0
2022/05/12-15:52:16.107460 5da8                       Options.allow_mmap_writes: 0
2022/05/12-15:52:16.107463 5da8                        Options.use_direct_reads: 0
2022/05/12-15:52:16.107465 5da8                        Options.use_direct_io_for_flush_and_compaction: 0
2022/05/12-15:52:16.107467 5da8          Options.create_missing_column_families: 1
2022/05/12-15:52:16.107469 5da8                              Options.db_log_dir: 
2022/05/12-15:52:16.107472 5da8                                 Options.wal_dir: D:\code\joolun\server\nacos-server\data\protocol\raft\naming_persistent_service_v2\log
2022/05/12-15:52:16.107477 5da8                Options.table_cache_numshardbits: 6
2022/05/12-15:52:16.107479 5da8                      Options.max_subcompactions: 1
2022/05/12-15:52:16.107482 5da8                  Options.max_background_flushes: 1
2022/05/12-15:52:16.107484 5da8                         Options.WAL_ttl_seconds: 0
2022/05/12-15:52:16.107486 5da8                       Options.WAL_size_limit_MB: 0
2022/05/12-15:52:16.107488 5da8             Options.manifest_preallocation_size: 4194304
2022/05/12-15:52:16.107490 5da8                     Options.is_fd_close_on_exec: 1
2022/05/12-15:52:16.107493 5da8                   Options.advise_random_on_open: 1
2022/05/12-15:52:16.107495 5da8                    Options.db_write_buffer_size: 0
2022/05/12-15:52:16.107497 5da8                    Options.write_buffer_manager: 000000002099CF70
2022/05/12-15:52:16.107499 5da8         Options.access_hint_on_compaction_start: 1
2022/05/12-15:52:16.107501 5da8  Options.new_table_reader_for_compaction_inputs: 0
2022/05/12-15:52:16.107503 5da8           Options.random_access_max_buffer_size: 1048576
2022/05/12-15:52:16.107505 5da8                      Options.use_adaptive_mutex: 0
2022/05/12-15:52:16.107508 5da8                            Options.rate_limiter: 0000000000000000
2022/05/12-15:52:16.107510 5da8     Options.sst_file_manager.rate_bytes_per_sec: 0
2022/05/12-15:52:16.107513 5da8                       Options.wal_recovery_mode: 2
2022/05/12-15:52:16.107515 5da8                  Options.enable_thread_tracking: 0
2022/05/12-15:52:16.107519 5da8                  Options.enable_pipelined_write: 0
2022/05/12-15:52:16.107521 5da8         Options.allow_concurrent_memtable_write: 1
2022/05/12-15:52:16.107549 5da8      Options.enable_write_thread_adaptive_yield: 1
2022/05/12-15:52:16.107553 5da8             Options.write_thread_max_yield_usec: 100
2022/05/12-15:52:16.107555 5da8            Options.write_thread_slow_yield_usec: 3
2022/05/12-15:52:16.107558 5da8                               Options.row_cache: None
2022/05/12-15:52:16.107560 5da8                              Options.wal_filter: None
2022/05/12-15:52:16.107562 5da8             Options.avoid_flush_during_recovery: 0
2022/05/12-15:52:16.107564 5da8             Options.allow_ingest_behind: 0
2022/05/12-15:52:16.107569 5da8             Options.preserve_deletes: 0
2022/05/12-15:52:16.107571 5da8             Options.two_write_queues: 0
2022/05/12-15:52:16.107573 5da8             Options.manual_wal_flush: 0
2022/05/12-15:52:16.107575 5da8             Options.max_background_jobs: 2
2022/05/12-15:52:16.107577 5da8             Options.max_background_compactions: 4
2022/05/12-15:52:16.107580 5da8             Options.avoid_flush_during_shutdown: 0
2022/05/12-15:52:16.107582 5da8           Options.writable_file_max_buffer_size: 1048576
2022/05/12-15:52:16.107584 5da8             Options.delayed_write_rate : 16777216
2022/05/12-15:52:16.107586 5da8             Options.max_total_wal_size: 0
2022/05/12-15:52:16.107588 5da8             Options.delete_obsolete_files_period_micros: 21600000000
2022/05/12-15:52:16.107591 5da8                   Options.stats_dump_period_sec: 600
2022/05/12-15:52:16.107593 5da8                          Options.max_open_files: -1
2022/05/12-15:52:16.107595 5da8                          Options.bytes_per_sync: 0
2022/05/12-15:52:16.107597 5da8                      Options.wal_bytes_per_sync: 0
2022/05/12-15:52:16.107599 5da8       Options.compaction_readahead_size: 0
2022/05/12-15:52:16.107602 5da8 Compression algorithms supported:
2022/05/12-15:52:16.107608 5da8 	kZSTD supported: 1
2022/05/12-15:52:16.107610 5da8 	kSnappyCompression supported: 1
2022/05/12-15:52:16.107613 5da8 	kBZip2Compression supported: 0
2022/05/12-15:52:16.107615 5da8 	kZlibCompression supported: 1
2022/05/12-15:52:16.107617 5da8 	kLZ4Compression supported: 1
2022/05/12-15:52:16.107619 5da8 	kXpressCompression supported: 0
2022/05/12-15:52:16.107622 5da8 	kLZ4HCCompression supported: 1
2022/05/12-15:52:16.107624 5da8 	kZSTDNotFinalCompression supported: 1
2022/05/12-15:52:16.107635 5da8 Fast CRC32 supported: Supported on x86
2022/05/12-15:52:16.108098 5da8 [db\db_impl_open.cc:226] Creating manifest 1 
2022/05/12-15:52:16.131706 5da8 [db\version_set.cc:3508] Recovering from manifest file: MANIFEST-000001
2022/05/12-15:52:16.136663 5da8 [db\column_family.cc:474] --------------- Options for column family [default]:
2022/05/12-15:52:16.136730 5da8               Options.comparator: leveldb.BytewiseComparator
2022/05/12-15:52:16.136738 5da8           Options.merge_operator: StringAppendOperator
2022/05/12-15:52:16.136741 5da8        Options.compaction_filter: None
2022/05/12-15:52:16.136744 5da8        Options.compaction_filter_factory: None
2022/05/12-15:52:16.136747 5da8         Options.memtable_factory: SkipListFactory
2022/05/12-15:52:16.136750 5da8            Options.table_factory: BlockBasedTable
2022/05/12-15:52:16.136814 5da8            table_factory options:   flush_block_policy_factory: FlushBlockBySizePolicyFactory (0000000000C562C0)
  cache_index_and_filter_blocks: 0
  cache_index_and_filter_blocks_with_high_priority: 1
  pin_l0_filter_and_index_blocks_in_cache: 1
  pin_top_level_index_and_filter: 1
  index_type: 2
  hash_index_allow_collision: 1
  checksum: 1
  no_block_cache: 0
  block_cache: 0000000000C9C2A0
  block_cache_name: LRUCache
  block_cache_options:
    capacity : 536870912
    num_shard_bits : 8
    strict_capacity_limit : 0
    memory_allocator : None
    high_pri_pool_ratio: 0.000
  block_cache_compressed: 0000000000000000
  persistent_cache: 0000000000000000
  block_size: 4096
  block_size_deviation: 10
  block_restart_interval: 16
  index_block_restart_interval: 1
  metadata_block_size: 8192
  partition_filters: 1
  use_delta_encoding: 1
  filter_policy: nullptr
  whole_key_filtering: 1
  verify_compression: 0
  read_amp_bytes_per_bit: 0
  format_version: 0
  enable_index_compression: 1
  block_align: 0
2022/05/12-15:52:16.136884 5da8        Options.write_buffer_size: 67108864
2022/05/12-15:52:16.136892 5da8  Options.max_write_buffer_number: 3
2022/05/12-15:52:16.136896 5da8          Options.compression: Snappy
2022/05/12-15:52:16.136898 5da8                  Options.bottommost_compression: Disabled
2022/05/12-15:52:16.136902 5da8       Options.prefix_extractor: rocksdb.FixedPrefix.8
2022/05/12-15:52:16.136905 5da8   Options.memtable_insert_with_hint_prefix_extractor: nullptr
2022/05/12-15:52:16.136908 5da8             Options.num_levels: 7
2022/05/12-15:52:16.136911 5da8        Options.min_write_buffer_number_to_merge: 1
2022/05/12-15:52:16.136913 5da8     Options.max_write_buffer_number_to_maintain: 0
2022/05/12-15:52:16.136917 5da8            Options.bottommost_compression_opts.window_bits: -14
2022/05/12-15:52:16.136920 5da8                  Options.bottommost_compression_opts.level: 32767
2022/05/12-15:52:16.136923 5da8               Options.bottommost_compression_opts.strategy: 0
2022/05/12-15:52:16.136926 5da8         Options.bottommost_compression_opts.max_dict_bytes: 0
2022/05/12-15:52:16.136930 5da8         Options.bottommost_compression_opts.zstd_max_train_bytes: 0
2022/05/12-15:52:16.136933 5da8                  Options.bottommost_compression_opts.enabled: false
2022/05/12-15:52:16.136936 5da8            Options.compression_opts.window_bits: -14
2022/05/12-15:52:16.136939 5da8                  Options.compression_opts.level: 32767
2022/05/12-15:52:16.136942 5da8               Options.compression_opts.strategy: 0
2022/05/12-15:52:16.136945 5da8         Options.compression_opts.max_dict_bytes: 0
2022/05/12-15:52:16.136948 5da8         Options.compression_opts.zstd_max_train_bytes: 0
2022/05/12-15:52:16.136951 5da8                  Options.compression_opts.enabled: false
2022/05/12-15:52:16.136953 5da8      Options.level0_file_num_compaction_trigger: 10
2022/05/12-15:52:16.136956 5da8          Options.level0_slowdown_writes_trigger: 20
2022/05/12-15:52:16.136959 5da8              Options.level0_stop_writes_trigger: 40
2022/05/12-15:52:16.136962 5da8                   Options.target_file_size_base: 67108864
2022/05/12-15:52:16.136965 5da8             Options.target_file_size_multiplier: 1
2022/05/12-15:52:16.136967 5da8                Options.max_bytes_for_level_base: 536870912
2022/05/12-15:52:16.136970 5da8 Options.level_compaction_dynamic_level_bytes: 0
2022/05/12-15:52:16.136973 5da8          Options.max_bytes_for_level_multiplier: 10.000000
2022/05/12-15:52:16.136984 5da8 Options.max_bytes_for_level_multiplier_addtl[0]: 1
2022/05/12-15:52:16.136988 5da8 Options.max_bytes_for_level_multiplier_addtl[1]: 1
2022/05/12-15:52:16.136991 5da8 Options.max_bytes_for_level_multiplier_addtl[2]: 1
2022/05/12-15:52:16.136994 5da8 Options.max_bytes_for_level_multiplier_addtl[3]: 1
2022/05/12-15:52:16.136997 5da8 Options.max_bytes_for_level_multiplier_addtl[4]: 1
2022/05/12-15:52:16.137000 5da8 Options.max_bytes_for_level_multiplier_addtl[5]: 1
2022/05/12-15:52:16.137003 5da8 Options.max_bytes_for_level_multiplier_addtl[6]: 1
2022/05/12-15:52:16.137006 5da8       Options.max_sequential_skip_in_iterations: 8
2022/05/12-15:52:16.137009 5da8                    Options.max_compaction_bytes: 1677721600
2022/05/12-15:52:16.137012 5da8                        Options.arena_block_size: 8388608
2022/05/12-15:52:16.137015 5da8   Options.soft_pending_compaction_bytes_limit: 68719476736
2022/05/12-15:52:16.137018 5da8   Options.hard_pending_compaction_bytes_limit: 274877906944
2022/05/12-15:52:16.137022 5da8       Options.rate_limit_delay_max_milliseconds: 100
2022/05/12-15:52:16.137024 5da8                Options.disable_auto_compactions: 0
2022/05/12-15:52:16.137028 5da8                        Options.compaction_style: kCompactionStyleLevel
2022/05/12-15:52:16.137032 5da8                          Options.compaction_pri: kByCompensatedSize
2022/05/12-15:52:16.137057 5da8 Options.compaction_options_universal.size_ratio: 1
2022/05/12-15:52:16.137062 5da8 Options.compaction_options_universal.min_merge_width: 2
2022/05/12-15:52:16.137064 5da8 Options.compaction_options_universal.max_merge_width: 4294967295
2022/05/12-15:52:16.137067 5da8 Options.compaction_options_universal.max_size_amplification_percent: 200
2022/05/12-15:52:16.137070 5da8 Options.compaction_options_universal.compression_size_percent: -1
2022/05/12-15:52:16.137074 5da8 Options.compaction_options_universal.stop_style: kCompactionStopStyleTotalSize
2022/05/12-15:52:16.137077 5da8 Options.compaction_options_fifo.max_table_files_size: 1073741824
2022/05/12-15:52:16.137079 5da8 Options.compaction_options_fifo.allow_compaction: 0
2022/05/12-15:52:16.137082 5da8 Options.compaction_options_fifo.ttl: 0
2022/05/12-15:52:16.137086 5da8                   Options.table_properties_collectors: 
2022/05/12-15:52:16.137088 5da8                   Options.inplace_update_support: 0
2022/05/12-15:52:16.137090 5da8                 Options.inplace_update_num_locks: 10000
2022/05/12-15:52:16.137093 5da8               Options.memtable_prefix_bloom_size_ratio: 0.125000
2022/05/12-15:52:16.137096 5da8   Options.memtable_huge_page_size: 0
2022/05/12-15:52:16.137099 5da8                           Options.bloom_locality: 0
2022/05/12-15:52:16.137101 5da8                    Options.max_successive_merges: 0
2022/05/12-15:52:16.137105 5da8                Options.optimize_filters_for_hits: 0
2022/05/12-15:52:16.137108 5da8                Options.paranoid_file_checks: 0
2022/05/12-15:52:16.137111 5da8                Options.force_consistency_checks: 1
2022/05/12-15:52:16.137113 5da8                Options.report_bg_io_stats: 0
2022/05/12-15:52:16.137116 5da8                               Options.ttl: 0
2022/05/12-15:52:16.141366 5da8 [db\version_set.cc:3724] Recovered from manifest file:D:\code\joolun\server\nacos-server\data\protocol\raft\naming_persistent_service_v2\log/MANIFEST-000001 succeeded,manifest_file_number is 1, next_file_number is 3, last_sequence is 0, log_number is 0,prev_log_number is 0,max_column_family is 0,min_log_number_to_keep is 0
2022/05/12-15:52:16.141385 5da8 [db\version_set.cc:3732] Column family [default] (ID 0), log number is 0
2022/05/12-15:52:16.142229 5da8 [db\version_set.cc:3037] Creating manifest 4
2022/05/12-15:52:16.151198 5da8 [db\column_family.cc:474] --------------- Options for column family [Configuration]:
2022/05/12-15:52:16.151210 5da8               Options.comparator: leveldb.BytewiseComparator
2022/05/12-15:52:16.151214 5da8           Options.merge_operator: StringAppendOperator
2022/05/12-15:52:16.151217 5da8        Options.compaction_filter: None
2022/05/12-15:52:16.151220 5da8        Options.compaction_filter_factory: None
2022/05/12-15:52:16.151223 5da8         Options.memtable_factory: SkipListFactory
2022/05/12-15:52:16.151225 5da8            Options.table_factory: BlockBasedTable
2022/05/12-15:52:16.151268 5da8            table_factory options:   flush_block_policy_factory: FlushBlockBySizePolicyFactory (0000000000C562C0)
  cache_index_and_filter_blocks: 0
  cache_index_and_filter_blocks_with_high_priority: 1
  pin_l0_filter_and_index_blocks_in_cache: 1
  pin_top_level_index_and_filter: 1
  index_type: 2
  hash_index_allow_collision: 1
  checksum: 1
  no_block_cache: 0
  block_cache: 0000000000C9C2A0
  block_cache_name: LRUCache
  block_cache_options:
    capacity : 536870912
    num_shard_bits : 8
    strict_capacity_limit : 0
    memory_allocator : None
    high_pri_pool_ratio: 0.000
  block_cache_compressed: 0000000000000000
  persistent_cache: 0000000000000000
  block_size: 4096
  block_size_deviation: 10
  block_restart_interval: 16
  index_block_restart_interval: 1
  metadata_block_size: 8192
  partition_filters: 1
  use_delta_encoding: 1
  filter_policy: nullptr
  whole_key_filtering: 1
  verify_compression: 0
  read_amp_bytes_per_bit: 0
  format_version: 0
  enable_index_compression: 1
  block_align: 0
2022/05/12-15:52:16.151274 5da8        Options.write_buffer_size: 67108864
2022/05/12-15:52:16.151280 5da8  Options.max_write_buffer_number: 3
2022/05/12-15:52:16.151285 5da8          Options.compression: Snappy
2022/05/12-15:52:16.151303 5da8                  Options.bottommost_compression: Disabled
2022/05/12-15:52:16.151306 5da8       Options.prefix_extractor: rocksdb.FixedPrefix.8
2022/05/12-15:52:16.151310 5da8   Options.memtable_insert_with_hint_prefix_extractor: nullptr
2022/05/12-15:52:16.151313 5da8             Options.num_levels: 7
2022/05/12-15:52:16.151316 5da8        Options.min_write_buffer_number_to_merge: 1
2022/05/12-15:52:16.151319 5da8     Options.max_write_buffer_number_to_maintain: 0
2022/05/12-15:52:16.151323 5da8            Options.bottommost_compression_opts.window_bits: -14
2022/05/12-15:52:16.151326 5da8                  Options.bottommost_compression_opts.level: 32767
2022/05/12-15:52:16.151329 5da8               Options.bottommost_compression_opts.strategy: 0
2022/05/12-15:52:16.151332 5da8         Options.bottommost_compression_opts.max_dict_bytes: 0
2022/05/12-15:52:16.151336 5da8         Options.bottommost_compression_opts.zstd_max_train_bytes: 0
2022/05/12-15:52:16.151338 5da8                  Options.bottommost_compression_opts.enabled: false
2022/05/12-15:52:16.151342 5da8            Options.compression_opts.window_bits: -14
2022/05/12-15:52:16.151345 5da8                  Options.compression_opts.level: 32767
2022/05/12-15:52:16.151348 5da8               Options.compression_opts.strategy: 0
2022/05/12-15:52:16.151351 5da8         Options.compression_opts.max_dict_bytes: 0
2022/05/12-15:52:16.151354 5da8         Options.compression_opts.zstd_max_train_bytes: 0
2022/05/12-15:52:16.151357 5da8                  Options.compression_opts.enabled: false
2022/05/12-15:52:16.151360 5da8      Options.level0_file_num_compaction_trigger: 10
2022/05/12-15:52:16.151363 5da8          Options.level0_slowdown_writes_trigger: 20
2022/05/12-15:52:16.151366 5da8              Options.level0_stop_writes_trigger: 40
2022/05/12-15:52:16.151369 5da8                   Options.target_file_size_base: 67108864
2022/05/12-15:52:16.151372 5da8             Options.target_file_size_multiplier: 1
2022/05/12-15:52:16.151375 5da8                Options.max_bytes_for_level_base: 536870912
2022/05/12-15:52:16.151378 5da8 Options.level_compaction_dynamic_level_bytes: 0
2022/05/12-15:52:16.151381 5da8          Options.max_bytes_for_level_multiplier: 10.000000
2022/05/12-15:52:16.151385 5da8 Options.max_bytes_for_level_multiplier_addtl[0]: 1
2022/05/12-15:52:16.151388 5da8 Options.max_bytes_for_level_multiplier_addtl[1]: 1
2022/05/12-15:52:16.151391 5da8 Options.max_bytes_for_level_multiplier_addtl[2]: 1
2022/05/12-15:52:16.151394 5da8 Options.max_bytes_for_level_multiplier_addtl[3]: 1
2022/05/12-15:52:16.151397 5da8 Options.max_bytes_for_level_multiplier_addtl[4]: 1
2022/05/12-15:52:16.151400 5da8 Options.max_bytes_for_level_multiplier_addtl[5]: 1
2022/05/12-15:52:16.151403 5da8 Options.max_bytes_for_level_multiplier_addtl[6]: 1
2022/05/12-15:52:16.151407 5da8       Options.max_sequential_skip_in_iterations: 8
2022/05/12-15:52:16.151410 5da8                    Options.max_compaction_bytes: 1677721600
2022/05/12-15:52:16.151413 5da8                        Options.arena_block_size: 8388608
2022/05/12-15:52:16.151416 5da8   Options.soft_pending_compaction_bytes_limit: 68719476736
2022/05/12-15:52:16.151419 5da8   Options.hard_pending_compaction_bytes_limit: 274877906944
2022/05/12-15:52:16.151422 5da8       Options.rate_limit_delay_max_milliseconds: 100
2022/05/12-15:52:16.151425 5da8                Options.disable_auto_compactions: 0
2022/05/12-15:52:16.151429 5da8                        Options.compaction_style: kCompactionStyleLevel
2022/05/12-15:52:16.151432 5da8                          Options.compaction_pri: kByCompensatedSize
2022/05/12-15:52:16.151435 5da8 Options.compaction_options_universal.size_ratio: 1
2022/05/12-15:52:16.151441 5da8 Options.compaction_options_universal.min_merge_width: 2
2022/05/12-15:52:16.151444 5da8 Options.compaction_options_universal.max_merge_width: 4294967295
2022/05/12-15:52:16.151448 5da8 Options.compaction_options_universal.max_size_amplification_percent: 200
2022/05/12-15:52:16.151452 5da8 Options.compaction_options_universal.compression_size_percent: -1
2022/05/12-15:52:16.151456 5da8 Options.compaction_options_universal.stop_style: kCompactionStopStyleTotalSize
2022/05/12-15:52:16.151459 5da8 Options.compaction_options_fifo.max_table_files_size: 1073741824
2022/05/12-15:52:16.151462 5da8 Options.compaction_options_fifo.allow_compaction: 0
2022/05/12-15:52:16.151465 5da8 Options.compaction_options_fifo.ttl: 0
2022/05/12-15:52:16.151467 5da8                   Options.table_properties_collectors: 
2022/05/12-15:52:16.151471 5da8                   Options.inplace_update_support: 0
2022/05/12-15:52:16.151474 5da8                 Options.inplace_update_num_locks: 10000
2022/05/12-15:52:16.151477 5da8               Options.memtable_prefix_bloom_size_ratio: 0.125000
2022/05/12-15:52:16.151481 5da8   Options.memtable_huge_page_size: 0
2022/05/12-15:52:16.151484 5da8                           Options.bloom_locality: 0
2022/05/12-15:52:16.151487 5da8                    Options.max_successive_merges: 0
2022/05/12-15:52:16.151490 5da8                Options.optimize_filters_for_hits: 0
2022/05/12-15:52:16.151492 5da8                Options.paranoid_file_checks: 0
2022/05/12-15:52:16.151495 5da8                Options.force_consistency_checks: 1
2022/05/12-15:52:16.151498 5da8                Options.report_bg_io_stats: 0
2022/05/12-15:52:16.151501 5da8                               Options.ttl: 0
2022/05/12-15:52:16.153584 5da8 [db\db_impl.cc:1606] Created column family [Configuration] (ID 1)
2022/05/12-15:52:16.180413 5da8 [db\db_impl_open.cc:1314] DB pointer 0000000020A29AF0
2022/05/12-15:52:16.180816 4cdc [WARN] [db\db_impl.cc:669] ------- DUMPING STATS -------
2022/05/12-15:52:16.180827 4cdc [WARN] [db\db_impl.cc:670] 
** DB Stats **
Uptime(secs): 0.0 total, 0.0 interval
Cumulative writes: 0 writes, 0 keys, 0 commit groups, 0.0 writes per commit group, ingest: 0.00 GB, 0.00 MB/s
Cumulative WAL: 0 writes, 0 syncs, 0.00 writes per sync, written: 0.00 GB, 0.00 MB/s
Cumulative stall: 00:00:0.000 H:M:S, 0.0 percent
Interval writes: 0 writes, 0 keys, 0 commit groups, 0.0 writes per commit group, ingest: 0.00 MB, 0.00 MB/s
Interval WAL: 0 writes, 0 syncs, 0.00 writes per sync, written: 0.00 MB, 0.00 MB/s
Interval stall: 00:00:0.000 H:M:S, 0.0 percent

** Compaction Stats [default] **
Level    Files   Size     Score Read(GB)  Rn(GB) Rnp1(GB) Write(GB) Wnew(GB) Moved(GB) W-Amp Rd(MB/s) Wr(MB/s) Comp(sec) Comp(cnt) Avg(sec) KeyIn KeyDrop
----------------------------------------------------------------------------------------------------------------------------------------------------------
 Sum      0/0    0.00 KB   0.0      0.0     0.0      0.0       0.0      0.0       0.0   0.0      0.0      0.0         0         0    0.000       0      0
 Int      0/0    0.00 KB   0.0      0.0     0.0      0.0       0.0      0.0       0.0   0.0      0.0      0.0         0         0    0.000       0      0
Uptime(secs): 0.0 total, 0.0 interval
Flush(GB): cumulative 0.000, interval 0.000
AddFile(GB): cumulative 0.000, interval 0.000
AddFile(Total Files): cumulative 0, interval 0
AddFile(L0 Files): cumulative 0, interval 0
AddFile(Keys): cumulative 0, interval 0
Cumulative compaction: 0.00 GB write, 0.00 MB/s write, 0.00 GB read, 0.00 MB/s read, 0.0 seconds
Interval compaction: 0.00 GB write, 0.00 MB/s write, 0.00 GB read, 0.00 MB/s read, 0.0 seconds
Stalls(count): 0 level0_slowdown, 0 level0_slowdown_with_compaction, 0 level0_numfiles, 0 level0_numfiles_with_compaction, 0 stop for pending_compaction_bytes, 0 slowdown for pending_compaction_bytes, 0 memtable_compaction, 0 memtable_slowdown, interval 0 total count

** File Read Latency Histogram By Level [default] **

** Compaction Stats [Configuration] **
Level    Files   Size     Score Read(GB)  Rn(GB) Rnp1(GB) Write(GB) Wnew(GB) Moved(GB) W-Amp Rd(MB/s) Wr(MB/s) Comp(sec) Comp(cnt) Avg(sec) KeyIn KeyDrop
----------------------------------------------------------------------------------------------------------------------------------------------------------
 Sum      0/0    0.00 KB   0.0      0.0     0.0      0.0       0.0      0.0       0.0   0.0      0.0      0.0         0         0    0.000       0      0
 Int      0/0    0.00 KB   0.0      0.0     0.0      0.0       0.0      0.0       0.0   0.0      0.0      0.0         0         0    0.000       0      0
Uptime(secs): 0.0 total, 0.0 interval
Flush(GB): cumulative 0.000, interval 0.000
AddFile(GB): cumulative 0.000, interval 0.000
AddFile(Total Files): cumulative 0, interval 0
AddFile(L0 Files): cumulative 0, interval 0
AddFile(Keys): cumulative 0, interval 0
Cumulative compaction: 0.00 GB write, 0.00 MB/s write, 0.00 GB read, 0.00 MB/s read, 0.0 seconds
Interval compaction: 0.00 GB write, 0.00 MB/s write, 0.00 GB read, 0.00 MB/s read, 0.0 seconds
Stalls(count): 0 level0_slowdown, 0 level0_slowdown_with_compaction, 0 level0_numfiles, 0 level0_numfiles_with_compaction, 0 stop for pending_compaction_bytes, 0 slowdown for pending_compaction_bytes, 0 memtable_compaction, 0 memtable_slowdown, interval 0 total count

** File Read Latency Histogram By Level [Configuration] **

** Compaction Stats [default] **
Level    Files   Size     Score Read(GB)  Rn(GB) Rnp1(GB) Write(GB) Wnew(GB) Moved(GB) W-Amp Rd(MB/s) Wr(MB/s) Comp(sec) Comp(cnt) Avg(sec) KeyIn KeyDrop
----------------------------------------------------------------------------------------------------------------------------------------------------------
 Sum      0/0    0.00 KB   0.0      0.0     0.0      0.0       0.0      0.0       0.0   0.0      0.0      0.0         0         0    0.000       0      0
 Int      0/0    0.00 KB   0.0      0.0     0.0      0.0       0.0      0.0       0.0   0.0      0.0      0.0         0         0    0.000       0      0
Uptime(secs): 0.0 total, 0.0 interval
Flush(GB): cumulative 0.000, interval 0.000
AddFile(GB): cumulative 0.000, interval 0.000
AddFile(Total Files): cumulative 0, interval 0
AddFile(L0 Files): cumulative 0, interval 0
AddFile(Keys): cumulative 0, interval 0
Cumulative compaction: 0.00 GB write, 0.00 MB/s write, 0.00 GB read, 0.00 MB/s read, 0.0 seconds
Interval compaction: 0.00 GB write, 0.00 MB/s write, 0.00 GB read, 0.00 MB/s read, 0.0 seconds
Stalls(count): 0 level0_slowdown, 0 level0_slowdown_with_compaction, 0 level0_numfiles, 0 level0_numfiles_with_compaction, 0 stop for pending_compaction_bytes, 0 slowdown for pending_compaction_bytes, 0 memtable_compaction, 0 memtable_slowdown, interval 0 total count

** File Read Latency Histogram By Level [default] **

** Compaction Stats [Configuration] **
Level    Files   Size     Score Read(GB)  Rn(GB) Rnp1(GB) Write(GB) Wnew(GB) Moved(GB) W-Amp Rd(MB/s) Wr(MB/s) Comp(sec) Comp(cnt) Avg(sec) KeyIn KeyDrop
----------------------------------------------------------------------------------------------------------------------------------------------------------
 Sum      0/0    0.00 KB   0.0      0.0     0.0      0.0       0.0      0.0       0.0   0.0      0.0      0.0         0         0    0.000       0      0
 Int      0/0    0.00 KB   0.0      0.0     0.0      0.0       0.0      0.0       0.0   0.0      0.0      0.0         0         0    0.000       0      0
Uptime(secs): 0.0 total, 0.0 interval
Flush(GB): cumulative 0.000, interval 0.000
AddFile(GB): cumulative 0.000, interval 0.000
AddFile(Total Files): cumulative 0, interval 0
AddFile(L0 Files): cumulative 0, interval 0
AddFile(Keys): cumulative 0, interval 0
Cumulative compaction: 0.00 GB write, 0.00 MB/s write, 0.00 GB read, 0.00 MB/s read, 0.0 seconds
Interval compaction: 0.00 GB write, 0.00 MB/s write, 0.00 GB read, 0.00 MB/s read, 0.0 seconds
Stalls(count): 0 level0_slowdown, 0 level0_slowdown_with_compaction, 0 level0_numfiles, 0 level0_numfiles_with_compaction, 0 stop for pending_compaction_bytes, 0 slowdown for pending_compaction_bytes, 0 memtable_compaction, 0 memtable_slowdown, interval 0 total count

** File Read Latency Histogram By Level [Configuration] **
2022/05/12-15:52:16.181122 4cdc [WARN] [db\db_impl.cc:617] STATISTICS:
 rocksdb.block.cache.miss COUNT : 0
rocksdb.block.cache.hit COUNT : 0
rocksdb.block.cache.add COUNT : 0
rocksdb.block.cache.add.failures COUNT : 0
rocksdb.block.cache.index.miss COUNT : 0
rocksdb.block.cache.index.hit COUNT : 0
rocksdb.block.cache.index.add COUNT : 0
rocksdb.block.cache.index.bytes.insert COUNT : 0
rocksdb.block.cache.index.bytes.evict COUNT : 0
rocksdb.block.cache.filter.miss COUNT : 0
rocksdb.block.cache.filter.hit COUNT : 0
rocksdb.block.cache.filter.add COUNT : 0
rocksdb.block.cache.filter.bytes.insert COUNT : 0
rocksdb.block.cache.filter.bytes.evict COUNT : 0
rocksdb.block.cache.data.miss COUNT : 0
rocksdb.block.cache.data.hit COUNT : 0
rocksdb.block.cache.data.add COUNT : 0
rocksdb.block.cache.data.bytes.insert COUNT : 0
rocksdb.block.cache.bytes.read COUNT : 0
rocksdb.block.cache.bytes.write COUNT : 0
rocksdb.bloom.filter.useful COUNT : 0
rocksdb.bloom.filter.full.positive COUNT : 0
rocksdb.bloom.filter.full.true.positive COUNT : 0
rocksdb.persistent.cache.hit COUNT : 0
rocksdb.persistent.cache.miss COUNT : 0
rocksdb.sim.block.cache.hit COUNT : 0
rocksdb.sim.block.cache.miss COUNT : 0
rocksdb.memtable.hit COUNT : 0
rocksdb.memtable.miss COUNT : 0
rocksdb.l0.hit COUNT : 0
rocksdb.l1.hit COUNT : 0
rocksdb.l2andup.hit COUNT : 0
rocksdb.compaction.key.drop.new COUNT : 0
rocksdb.compaction.key.drop.obsolete COUNT : 0
rocksdb.compaction.key.drop.range_del COUNT : 0
rocksdb.compaction.key.drop.user COUNT : 0
rocksdb.compaction.range_del.drop.obsolete COUNT : 0
rocksdb.compaction.optimized.del.drop.obsolete COUNT : 0
rocksdb.compaction.cancelled COUNT : 0
rocksdb.number.keys.written COUNT : 0
rocksdb.number.keys.read COUNT : 0
rocksdb.number.keys.updated COUNT : 0
rocksdb.bytes.written COUNT : 0
rocksdb.bytes.read COUNT : 0
rocksdb.number.db.seek COUNT : 0
rocksdb.number.db.next COUNT : 0
rocksdb.number.db.prev COUNT : 0
rocksdb.number.db.seek.found COUNT : 0
rocksdb.number.db.next.found COUNT : 0
rocksdb.number.db.prev.found COUNT : 0
rocksdb.db.iter.bytes.read COUNT : 0
rocksdb.no.file.closes COUNT : 0
rocksdb.no.file.opens COUNT : 0
rocksdb.no.file.errors COUNT : 0
rocksdb.l0.slowdown.micros COUNT : 0
rocksdb.memtable.compaction.micros COUNT : 0
rocksdb.l0.num.files.stall.micros COUNT : 0
rocksdb.stall.micros COUNT : 0
rocksdb.db.mutex.wait.micros COUNT : 0
rocksdb.rate.limit.delay.millis COUNT : 0
rocksdb.num.iterators COUNT : 0
rocksdb.number.multiget.get COUNT : 0
rocksdb.number.multiget.keys.read COUNT : 0
rocksdb.number.multiget.bytes.read COUNT : 0
rocksdb.number.deletes.filtered COUNT : 0
rocksdb.number.merge.failures COUNT : 0
rocksdb.bloom.filter.prefix.checked COUNT : 0
rocksdb.bloom.filter.prefix.useful COUNT : 0
rocksdb.number.reseeks.iteration COUNT : 0
rocksdb.getupdatessince.calls COUNT : 0
rocksdb.block.cachecompressed.miss COUNT : 0
rocksdb.block.cachecompressed.hit COUNT : 0
rocksdb.block.cachecompressed.add COUNT : 0
rocksdb.block.cachecompressed.add.failures COUNT : 0
rocksdb.wal.synced COUNT : 0
rocksdb.wal.bytes COUNT : 0
rocksdb.write.self COUNT : 0
rocksdb.write.other COUNT : 0
rocksdb.write.timeout COUNT : 0
rocksdb.write.wal COUNT : 0
rocksdb.compact.read.bytes COUNT : 0
rocksdb.compact.write.bytes COUNT : 0
rocksdb.flush.write.bytes COUNT : 0
rocksdb.number.direct.load.table.properties COUNT : 0
rocksdb.number.superversion_acquires COUNT : 0
rocksdb.number.superversion_releases COUNT : 0
rocksdb.number.superversion_cleanups COUNT : 0
rocksdb.number.block.compressed COUNT : 0
rocksdb.number.block.decompressed COUNT : 0
rocksdb.number.block.not_compressed COUNT : 0
rocksdb.merge.operation.time.nanos COUNT : 0
rocksdb.filter.operation.time.nanos COUNT : 0
rocksdb.row.cache.hit COUNT : 0
rocksdb.row.cache.miss COUNT : 0
rocksdb.read.amp.estimate.useful.bytes COUNT : 0
rocksdb.read.amp.total.read.bytes COUNT : 0
rocksdb.number.rate_limiter.drains COUNT : 0
rocksdb.number.iter.skip COUNT : 0
rocksdb.blobdb.num.put COUNT : 0
rocksdb.blobdb.num.write COUNT : 0
rocksdb.blobdb.num.get COUNT : 0
rocksdb.blobdb.num.multiget COUNT : 0
rocksdb.blobdb.num.seek COUNT : 0
rocksdb.blobdb.num.next COUNT : 0
rocksdb.blobdb.num.prev COUNT : 0
rocksdb.blobdb.num.keys.written COUNT : 0
rocksdb.blobdb.num.keys.read COUNT : 0
rocksdb.blobdb.bytes.written COUNT : 0
rocksdb.blobdb.bytes.read COUNT : 0
rocksdb.blobdb.write.inlined COUNT : 0
rocksdb.blobdb.write.inlined.ttl COUNT : 0
rocksdb.blobdb.write.blob COUNT : 0
rocksdb.blobdb.write.blob.ttl COUNT : 0
rocksdb.blobdb.blob.file.bytes.written COUNT : 0
rocksdb.blobdb.blob.file.bytes.read COUNT : 0
rocksdb.blobdb.blob.file.synced COUNT : 0
rocksdb.blobdb.blob.index.expired.count COUNT : 0
rocksdb.blobdb.blob.index.expired.size COUNT : 0
rocksdb.blobdb.blob.index.evicted.count COUNT : 0
rocksdb.blobdb.blob.index.evicted.size COUNT : 0
rocksdb.blobdb.gc.num.files COUNT : 0
rocksdb.blobdb.gc.num.new.files COUNT : 0
rocksdb.blobdb.gc.failures COUNT : 0
rocksdb.blobdb.gc.num.keys.overwritten COUNT : 0
rocksdb.blobdb.gc.num.keys.expired COUNT : 0
rocksdb.blobdb.gc.num.keys.relocated COUNT : 0
rocksdb.blobdb.gc.bytes.overwritten COUNT : 0
rocksdb.blobdb.gc.bytes.expired COUNT : 0
rocksdb.blobdb.gc.bytes.relocated COUNT : 0
rocksdb.blobdb.fifo.num.files.evicted COUNT : 0
rocksdb.blobdb.fifo.num.keys.evicted COUNT : 0
rocksdb.blobdb.fifo.bytes.evicted COUNT : 0
rocksdb.txn.overhead.mutex.prepare COUNT : 0
rocksdb.txn.overhead.mutex.old.commit.map COUNT : 0
rocksdb.txn.overhead.duplicate.key COUNT : 0
rocksdb.txn.overhead.mutex.snapshot COUNT : 0
rocksdb.number.multiget.keys.found COUNT : 0
rocksdb.num.iterator.created COUNT : 0
rocksdb.num.iterator.deleted COUNT : 0
rocksdb.db.get.micros P50 : 0.000000 P95 : 0.000000 P99 : 0.000000 P100 : 0.000000 COUNT : 0 SUM : 0
rocksdb.db.write.micros P50 : 0.000000 P95 : 0.000000 P99 : 0.000000 P100 : 0.000000 COUNT : 0 SUM : 0
rocksdb.compaction.times.micros P50 : 0.000000 P95 : 0.000000 P99 : 0.000000 P100 : 0.000000 COUNT : 0 SUM : 0
rocksdb.subcompaction.setup.times.micros P50 : 0.000000 P95 : 0.000000 P99 : 0.000000 P100 : 0.000000 COUNT : 0 SUM : 0
rocksdb.table.sync.micros P50 : 0.000000 P95 : 0.000000 P99 : 0.000000 P100 : 0.000000 COUNT : 0 SUM : 0
rocksdb.compaction.outfile.sync.micros P50 : 0.000000 P95 : 0.000000 P99 : 0.000000 P100 : 0.000000 COUNT : 0 SUM : 0
rocksdb.wal.file.sync.micros P50 : 0.000000 P95 : 0.000000 P99 : 0.000000 P100 : 0.000000 COUNT : 0 SUM : 0
rocksdb.manifest.file.sync.micros P50 : 2900.000000 P95 : 2916.000000 P99 : 2916.000000 P100 : 2916.000000 COUNT : 2 SUM : 5765
rocksdb.table.open.io.micros P50 : 0.000000 P95 : 0.000000 P99 : 0.000000 P100 : 0.000000 COUNT : 0 SUM : 0
rocksdb.db.multiget.micros P50 : 0.000000 P95 : 0.000000 P99 : 0.000000 P100 : 0.000000 COUNT : 0 SUM : 0
rocksdb.read.block.compaction.micros P50 : 0.000000 P95 : 0.000000 P99 : 0.000000 P100 : 0.000000 COUNT : 0 SUM : 0
rocksdb.read.block.get.micros P50 : 0.000000 P95 : 0.000000 P99 : 0.000000 P100 : 0.000000 COUNT : 0 SUM : 0
rocksdb.write.raw.block.micros P50 : 0.000000 P95 : 0.000000 P99 : 0.000000 P100 : 0.000000 COUNT : 0 SUM : 0
rocksdb.l0.slowdown.count P50 : 0.000000 P95 : 0.000000 P99 : 0.000000 P100 : 0.000000 COUNT : 0 SUM : 0
rocksdb.memtable.compaction.count P50 : 0.000000 P95 : 0.000000 P99 : 0.000000 P100 : 0.000000 COUNT : 0 SUM : 0
rocksdb.num.files.stall.count P50 : 0.000000 P95 : 0.000000 P99 : 0.000000 P100 : 0.000000 COUNT : 0 SUM : 0
rocksdb.hard.rate.limit.delay.count P50 : 0.000000 P95 : 0.000000 P99 : 0.000000 P100 : 0.000000 COUNT : 0 SUM : 0
rocksdb.soft.rate.limit.delay.count P50 : 0.000000 P95 : 0.000000 P99 : 0.000000 P100 : 0.000000 COUNT : 0 SUM : 0
rocksdb.numfiles.in.singlecompaction P50 : 0.000000 P95 : 0.000000 P99 : 0.000000 P100 : 0.000000 COUNT : 0 SUM : 0
rocksdb.db.seek.micros P50 : 0.000000 P95 : 0.000000 P99 : 0.000000 P100 : 0.000000 COUNT : 0 SUM : 0
rocksdb.db.write.stall P50 : 0.000000 P95 : 0.000000 P99 : 0.000000 P100 : 0.000000 COUNT : 0 SUM : 0
rocksdb.sst.read.micros P50 : 0.000000 P95 : 0.000000 P99 : 0.000000 P100 : 0.000000 COUNT : 0 SUM : 0
rocksdb.num.subcompactions.scheduled P50 : 0.000000 P95 : 0.000000 P99 : 0.000000 P100 : 0.000000 COUNT : 0 SUM : 0
rocksdb.bytes.per.read P50 : 0.000000 P95 : 0.000000 P99 : 0.000000 P100 : 0.000000 COUNT : 0 SUM : 0
rocksdb.bytes.per.write P50 : 0.000000 P95 : 0.000000 P99 : 0.000000 P100 : 0.000000 COUNT : 0 SUM : 0
rocksdb.bytes.per.multiget P50 : 0.000000 P95 : 0.000000 P99 : 0.000000 P100 : 0.000000 COUNT : 0 SUM : 0
rocksdb.bytes.compressed P50 : 0.000000 P95 : 0.000000 P99 : 0.000000 P100 : 0.000000 COUNT : 0 SUM : 0
rocksdb.bytes.decompressed P50 : 0.000000 P95 : 0.000000 P99 : 0.000000 P100 : 0.000000 COUNT : 0 SUM : 0
rocksdb.compression.times.nanos P50 : 0.000000 P95 : 0.000000 P99 : 0.000000 P100 : 0.000000 COUNT : 0 SUM : 0
rocksdb.decompression.times.nanos P50 : 0.000000 P95 : 0.000000 P99 : 0.000000 P100 : 0.000000 COUNT : 0 SUM : 0
rocksdb.read.num.merge_operands P50 : 0.000000 P95 : 0.000000 P99 : 0.000000 P100 : 0.000000 COUNT : 0 SUM : 0
rocksdb.blobdb.key.size P50 : 0.000000 P95 : 0.000000 P99 : 0.000000 P100 : 0.000000 COUNT : 0 SUM : 0
rocksdb.blobdb.value.size P50 : 0.000000 P95 : 0.000000 P99 : 0.000000 P100 : 0.000000 COUNT : 0 SUM : 0
rocksdb.blobdb.write.micros P50 : 0.000000 P95 : 0.000000 P99 : 0.000000 P100 : 0.000000 COUNT : 0 SUM : 0
rocksdb.blobdb.get.micros P50 : 0.000000 P95 : 0.000000 P99 : 0.000000 P100 : 0.000000 COUNT : 0 SUM : 0
rocksdb.blobdb.multiget.micros P50 : 0.000000 P95 : 0.000000 P99 : 0.000000 P100 : 0.000000 COUNT : 0 SUM : 0
rocksdb.blobdb.seek.micros P50 : 0.000000 P95 : 0.000000 P99 : 0.000000 P100 : 0.000000 COUNT : 0 SUM : 0
rocksdb.blobdb.next.micros P50 : 0.000000 P95 : 0.000000 P99 : 0.000000 P100 : 0.000000 COUNT : 0 SUM : 0
rocksdb.blobdb.prev.micros P50 : 0.000000 P95 : 0.000000 P99 : 0.000000 P100 : 0.000000 COUNT : 0 SUM : 0
rocksdb.blobdb.blob.file.write.micros P50 : 0.000000 P95 : 0.000000 P99 : 0.000000 P100 : 0.000000 COUNT : 0 SUM : 0
rocksdb.blobdb.blob.file.read.micros P50 : 0.000000 P95 : 0.000000 P99 : 0.000000 P100 : 0.000000 COUNT : 0 SUM : 0
rocksdb.blobdb.blob.file.sync.micros P50 : 0.000000 P95 : 0.000000 P99 : 0.000000 P100 : 0.000000 COUNT : 0 SUM : 0
rocksdb.blobdb.gc.micros P50 : 0.000000 P95 : 0.000000 P99 : 0.000000 P100 : 0.000000 COUNT : 0 SUM : 0
rocksdb.blobdb.compression.micros P50 : 0.000000 P95 : 0.000000 P99 : 0.000000 P100 : 0.000000 COUNT : 0 SUM : 0
rocksdb.blobdb.decompression.micros P50 : 0.000000 P95 : 0.000000 P99 : 0.000000 P100 : 0.000000 COUNT : 0 SUM : 0
rocksdb.db.flush.micros P50 : 0.000000 P95 : 0.000000 P99 : 0.000000 P100 : 0.000000 COUNT : 0 SUM : 0
2022/05/12-16:02:16.195917 4cdc [WARN] [db\db_impl.cc:669] ------- DUMPING STATS -------
2022/05/12-16:02:16.195971 4cdc [WARN] [db\db_impl.cc:670] 
** DB Stats **
Uptime(secs): 600.1 total, 600.0 interval
Cumulative writes: 1 writes, 2 keys, 1 commit groups, 0.5 writes per commit group, ingest: 0.00 GB, 0.00 MB/s
Cumulative WAL: 1 writes, 1 syncs, 0.50 writes per sync, written: 0.00 GB, 0.00 MB/s
Cumulative stall: 00:00:0.000 H:M:S, 0.0 percent
Interval writes: 1 writes, 2 keys, 1 commit groups, 0.5 writes per commit group, ingest: 0.00 MB, 0.00 MB/s
