2022/05/12-15:52:16.364068 5da8 RocksDB version: 5.18.4
2022/05/12-15:52:16.364115 5da8 Git sha rocksdb_build_git_sha:@b9a4a10659969c71e6f6eab4e4bae8c36ede919f@
2022/05/12-15:52:16.364125 5da8 Compile date Mar 11 2020
2022/05/12-15:52:16.364132 5da8 DB SUMMARY
2022/05/12-15:52:16.364207 5da8 SST files in D:\code\joolun\server\nacos-server\data\protocol\raft\naming_service_metadata\log dir, Total Num: 0, files: 
2022/05/12-15:52:16.364217 5da8 Write Ahead Log file in D:\code\joolun\server\nacos-server\data\protocol\raft\naming_service_metadata\log: 
2022/05/12-15:52:16.364224 5da8                         Options.error_if_exists: 0
2022/05/12-15:52:16.364230 5da8                       Options.create_if_missing: 1
2022/05/12-15:52:16.364235 5da8                         Options.paranoid_checks: 1
2022/05/12-15:52:16.364321 5da8                                     Options.env: 0000000000C86030
2022/05/12-15:52:16.364325 5da8                                Options.info_log: 00000000209C06D0
2022/05/12-15:52:16.364328 5da8                Options.max_file_opening_threads: 16
2022/05/12-15:52:16.364332 5da8                              Options.statistics: 00000000284807D0
2022/05/12-15:52:16.364335 5da8                               Options.use_fsync: 0
2022/05/12-15:52:16.364337 5da8                       Options.max_log_file_size: 0
2022/05/12-15:52:16.364339 5da8                  Options.max_manifest_file_size: 1073741824
2022/05/12-15:52:16.364341 5da8                   Options.log_file_time_to_roll: 0
2022/05/12-15:52:16.364343 5da8                       Options.keep_log_file_num: 1000
2022/05/12-15:52:16.364346 5da8                    Options.recycle_log_file_num: 0
2022/05/12-15:52:16.364348 5da8                         Options.allow_fallocate: 1
2022/05/12-15:52:16.364350 5da8                        Options.allow_mmap_reads: 0
2022/05/12-15:52:16.364352 5da8                       Options.allow_mmap_writes: 0
2022/05/12-15:52:16.364354 5da8                        Options.use_direct_reads: 0
2022/05/12-15:52:16.364356 5da8                        Options.use_direct_io_for_flush_and_compaction: 0
2022/05/12-15:52:16.364359 5da8          Options.create_missing_column_families: 1
2022/05/12-15:52:16.364361 5da8                              Options.db_log_dir: 
2022/05/12-15:52:16.364363 5da8                                 Options.wal_dir: D:\code\joolun\server\nacos-server\data\protocol\raft\naming_service_metadata\log
2022/05/12-15:52:16.364365 5da8                Options.table_cache_numshardbits: 6
2022/05/12-15:52:16.364367 5da8                      Options.max_subcompactions: 1
2022/05/12-15:52:16.364369 5da8                  Options.max_background_flushes: 1
2022/05/12-15:52:16.364372 5da8                         Options.WAL_ttl_seconds: 0
2022/05/12-15:52:16.364374 5da8                       Options.WAL_size_limit_MB: 0
2022/05/12-15:52:16.364376 5da8             Options.manifest_preallocation_size: 4194304
2022/05/12-15:52:16.364378 5da8                     Options.is_fd_close_on_exec: 1
2022/05/12-15:52:16.364381 5da8                   Options.advise_random_on_open: 1
2022/05/12-15:52:16.364383 5da8                    Options.db_write_buffer_size: 0
2022/05/12-15:52:16.364386 5da8                    Options.write_buffer_manager: 000000002846DBC0
2022/05/12-15:52:16.364388 5da8         Options.access_hint_on_compaction_start: 1
2022/05/12-15:52:16.364390 5da8  Options.new_table_reader_for_compaction_inputs: 0
2022/05/12-15:52:16.364392 5da8           Options.random_access_max_buffer_size: 1048576
2022/05/12-15:52:16.364394 5da8                      Options.use_adaptive_mutex: 0
2022/05/12-15:52:16.364396 5da8                            Options.rate_limiter: 0000000000000000
2022/05/12-15:52:16.364399 5da8     Options.sst_file_manager.rate_bytes_per_sec: 0
2022/05/12-15:52:16.364401 5da8                       Options.wal_recovery_mode: 2
2022/05/12-15:52:16.364403 5da8                  Options.enable_thread_tracking: 0
2022/05/12-15:52:16.364405 5da8                  Options.enable_pipelined_write: 0
2022/05/12-15:52:16.364408 5da8         Options.allow_concurrent_memtable_write: 1
2022/05/12-15:52:16.364425 5da8      Options.enable_write_thread_adaptive_yield: 1
2022/05/12-15:52:16.364428 5da8             Options.write_thread_max_yield_usec: 100
2022/05/12-15:52:16.364430 5da8            Options.write_thread_slow_yield_usec: 3
2022/05/12-15:52:16.364432 5da8                               Options.row_cache: None
2022/05/12-15:52:16.364434 5da8                              Options.wal_filter: None
2022/05/12-15:52:16.364436 5da8             Options.avoid_flush_during_recovery: 0
2022/05/12-15:52:16.364438 5da8             Options.allow_ingest_behind: 0
2022/05/12-15:52:16.364440 5da8             Options.preserve_deletes: 0
2022/05/12-15:52:16.364442 5da8             Options.two_write_queues: 0
2022/05/12-15:52:16.364444 5da8             Options.manual_wal_flush: 0
2022/05/12-15:52:16.364446 5da8             Options.max_background_jobs: 2
2022/05/12-15:52:16.364448 5da8             Options.max_background_compactions: 4
2022/05/12-15:52:16.364450 5da8             Options.avoid_flush_during_shutdown: 0
2022/05/12-15:52:16.364452 5da8           Options.writable_file_max_buffer_size: 1048576
2022/05/12-15:52:16.364454 5da8             Options.delayed_write_rate : 16777216
2022/05/12-15:52:16.364456 5da8             Options.max_total_wal_size: 0
2022/05/12-15:52:16.364458 5da8             Options.delete_obsolete_files_period_micros: 21600000000
2022/05/12-15:52:16.364460 5da8                   Options.stats_dump_period_sec: 600
2022/05/12-15:52:16.364462 5da8                          Options.max_open_files: -1
2022/05/12-15:52:16.364464 5da8                          Options.bytes_per_sync: 0
2022/05/12-15:52:16.364466 5da8                      Options.wal_bytes_per_sync: 0
2022/05/12-15:52:16.364468 5da8       Options.compaction_readahead_size: 0
2022/05/12-15:52:16.364470 5da8 Compression algorithms supported:
2022/05/12-15:52:16.364472 5da8 	kZSTD supported: 1
2022/05/12-15:52:16.364475 5da8 	kSnappyCompression supported: 1
2022/05/12-15:52:16.364477 5da8 	kBZip2Compression supported: 0
2022/05/12-15:52:16.364479 5da8 	kZlibCompression supported: 1
2022/05/12-15:52:16.364481 5da8 	kLZ4Compression supported: 1
2022/05/12-15:52:16.364483 5da8 	kXpressCompression supported: 0
2022/05/12-15:52:16.364485 5da8 	kLZ4HCCompression supported: 1
2022/05/12-15:52:16.364487 5da8 	kZSTDNotFinalCompression supported: 1
2022/05/12-15:52:16.364491 5da8 Fast CRC32 supported: Supported on x86
2022/05/12-15:52:16.364675 5da8 [db\db_impl_open.cc:226] Creating manifest 1 
2022/05/12-15:52:16.385400 5da8 [db\version_set.cc:3508] Recovering from manifest file: MANIFEST-000001
2022/05/12-15:52:16.385926 5da8 [db\column_family.cc:474] --------------- Options for column family [default]:
2022/05/12-15:52:16.385934 5da8               Options.comparator: leveldb.BytewiseComparator
2022/05/12-15:52:16.385937 5da8           Options.merge_operator: StringAppendOperator
2022/05/12-15:52:16.385939 5da8        Options.compaction_filter: None
2022/05/12-15:52:16.385942 5da8        Options.compaction_filter_factory: None
2022/05/12-15:52:16.385944 5da8         Options.memtable_factory: SkipListFactory
2022/05/12-15:52:16.385947 5da8            Options.table_factory: BlockBasedTable
2022/05/12-15:52:16.385965 5da8            table_factory options:   flush_block_policy_factory: FlushBlockBySizePolicyFactory (0000000028473E20)
  cache_index_and_filter_blocks: 0
  cache_index_and_filter_blocks_with_high_priority: 1
  pin_l0_filter_and_index_blocks_in_cache: 1
  pin_top_level_index_and_filter: 1
  index_type: 2
  hash_index_allow_collision: 1
  checksum: 1
  no_block_cache: 0
  block_cache: 0000000000C9C090
  block_cache_name: LRUCache
  block_cache_options:
    capacity : 536870912
    num_shard_bits : 8
    strict_capacity_limit : 0
    memory_allocator : None
    high_pri_pool_ratio: 0.000
  block_cache_compressed: 0000000000000000
  persistent_cache: 0000000000000000
  block_size: 4096
  block_size_deviation: 10
  block_restart_interval: 16
  index_block_restart_interval: 1
  metadata_block_size: 8192
  partition_filters: 1
  use_delta_encoding: 1
  filter_policy: nullptr
  whole_key_filtering: 1
  verify_compression: 0
  read_amp_bytes_per_bit: 0
  format_version: 0
  enable_index_compression: 1
  block_align: 0
2022/05/12-15:52:16.385996 5da8        Options.write_buffer_size: 67108864
2022/05/12-15:52:16.386000 5da8  Options.max_write_buffer_number: 3
2022/05/12-15:52:16.386002 5da8          Options.compression: Snappy
2022/05/12-15:52:16.386004 5da8                  Options.bottommost_compression: Disabled
2022/05/12-15:52:16.386007 5da8       Options.prefix_extractor: rocksdb.FixedPrefix.8
2022/05/12-15:52:16.386009 5da8   Options.memtable_insert_with_hint_prefix_extractor: nullptr
2022/05/12-15:52:16.386012 5da8             Options.num_levels: 7
2022/05/12-15:52:16.386014 5da8        Options.min_write_buffer_number_to_merge: 1
2022/05/12-15:52:16.386016 5da8     Options.max_write_buffer_number_to_maintain: 0
2022/05/12-15:52:16.386018 5da8            Options.bottommost_compression_opts.window_bits: -14
2022/05/12-15:52:16.386020 5da8                  Options.bottommost_compression_opts.level: 32767
2022/05/12-15:52:16.386023 5da8               Options.bottommost_compression_opts.strategy: 0
2022/05/12-15:52:16.386025 5da8         Options.bottommost_compression_opts.max_dict_bytes: 0
2022/05/12-15:52:16.386027 5da8         Options.bottommost_compression_opts.zstd_max_train_bytes: 0
2022/05/12-15:52:16.386029 5da8                  Options.bottommost_compression_opts.enabled: false
2022/05/12-15:52:16.386032 5da8            Options.compression_opts.window_bits: -14
2022/05/12-15:52:16.386034 5da8                  Options.compression_opts.level: 32767
2022/05/12-15:52:16.386036 5da8               Options.compression_opts.strategy: 0
2022/05/12-15:52:16.386038 5da8         Options.compression_opts.max_dict_bytes: 0
2022/05/12-15:52:16.386040 5da8         Options.compression_opts.zstd_max_train_bytes: 0
2022/05/12-15:52:16.386043 5da8                  Options.compression_opts.enabled: false
2022/05/12-15:52:16.386045 5da8      Options.level0_file_num_compaction_trigger: 10
2022/05/12-15:52:16.386047 5da8          Options.level0_slowdown_writes_trigger: 20
2022/05/12-15:52:16.386049 5da8              Options.level0_stop_writes_trigger: 40
2022/05/12-15:52:16.386051 5da8                   Options.target_file_size_base: 67108864
2022/05/12-15:52:16.386053 5da8             Options.target_file_size_multiplier: 1
2022/05/12-15:52:16.386056 5da8                Options.max_bytes_for_level_base: 536870912
2022/05/12-15:52:16.386058 5da8 Options.level_compaction_dynamic_level_bytes: 0
2022/05/12-15:52:16.386060 5da8          Options.max_bytes_for_level_multiplier: 10.000000
2022/05/12-15:52:16.386063 5da8 Options.max_bytes_for_level_multiplier_addtl[0]: 1
2022/05/12-15:52:16.386066 5da8 Options.max_bytes_for_level_multiplier_addtl[1]: 1
2022/05/12-15:52:16.386068 5da8 Options.max_bytes_for_level_multiplier_addtl[2]: 1
2022/05/12-15:52:16.386070 5da8 Options.max_bytes_for_level_multiplier_addtl[3]: 1
2022/05/12-15:52:16.386072 5da8 Options.max_bytes_for_level_multiplier_addtl[4]: 1
2022/05/12-15:52:16.386074 5da8 Options.max_bytes_for_level_multiplier_addtl[5]: 1
2022/05/12-15:52:16.386077 5da8 Options.max_bytes_for_level_multiplier_addtl[6]: 1
2022/05/12-15:52:16.386079 5da8       Options.max_sequential_skip_in_iterations: 8
2022/05/12-15:52:16.386081 5da8                    Options.max_compaction_bytes: 1677721600
2022/05/12-15:52:16.386083 5da8                        Options.arena_block_size: 8388608
2022/05/12-15:52:16.386085 5da8   Options.soft_pending_compaction_bytes_limit: 68719476736
2022/05/12-15:52:16.386088 5da8   Options.hard_pending_compaction_bytes_limit: 274877906944
2022/05/12-15:52:16.386090 5da8       Options.rate_limit_delay_max_milliseconds: 100
2022/05/12-15:52:16.386092 5da8                Options.disable_auto_compactions: 0
2022/05/12-15:52:16.386095 5da8                        Options.compaction_style: kCompactionStyleLevel
2022/05/12-15:52:16.386098 5da8                          Options.compaction_pri: kByCompensatedSize
2022/05/12-15:52:16.386101 5da8 Options.compaction_options_universal.size_ratio: 1
2022/05/12-15:52:16.386104 5da8 Options.compaction_options_universal.min_merge_width: 2
2022/05/12-15:52:16.386106 5da8 Options.compaction_options_universal.max_merge_width: 4294967295
2022/05/12-15:52:16.386108 5da8 Options.compaction_options_universal.max_size_amplification_percent: 200
2022/05/12-15:52:16.386111 5da8 Options.compaction_options_universal.compression_size_percent: -1
2022/05/12-15:52:16.386113 5da8 Options.compaction_options_universal.stop_style: kCompactionStopStyleTotalSize
2022/05/12-15:52:16.386115 5da8 Options.compaction_options_fifo.max_table_files_size: 1073741824
2022/05/12-15:52:16.386118 5da8 Options.compaction_options_fifo.allow_compaction: 0
2022/05/12-15:52:16.386120 5da8 Options.compaction_options_fifo.ttl: 0
2022/05/12-15:52:16.386122 5da8                   Options.table_properties_collectors: 
2022/05/12-15:52:16.386124 5da8                   Options.inplace_update_support: 0
2022/05/12-15:52:16.386127 5da8                 Options.inplace_update_num_locks: 10000
2022/05/12-15:52:16.386129 5da8               Options.memtable_prefix_bloom_size_ratio: 0.125000
2022/05/12-15:52:16.386132 5da8   Options.memtable_huge_page_size: 0
2022/05/12-15:52:16.386134 5da8                           Options.bloom_locality: 0
2022/05/12-15:52:16.386136 5da8                    Options.max_successive_merges: 0
2022/05/12-15:52:16.386138 5da8                Options.optimize_filters_for_hits: 0
2022/05/12-15:52:16.386141 5da8                Options.paranoid_file_checks: 0
2022/05/12-15:52:16.386143 5da8                Options.force_consistency_checks: 1
2022/05/12-15:52:16.386145 5da8                Options.report_bg_io_stats: 0
2022/05/12-15:52:16.386147 5da8                               Options.ttl: 0
2022/05/12-15:52:16.388972 5da8 [db\version_set.cc:3724] Recovered from manifest file:D:\code\joolun\server\nacos-server\data\protocol\raft\naming_service_metadata\log/MANIFEST-000001 succeeded,manifest_file_number is 1, next_file_number is 3, last_sequence is 0, log_number is 0,prev_log_number is 0,max_column_family is 0,min_log_number_to_keep is 0
2022/05/12-15:52:16.388994 5da8 [db\version_set.cc:3732] Column family [default] (ID 0), log number is 0
2022/05/12-15:52:16.389450 5da8 [db\version_set.cc:3037] Creating manifest 4
2022/05/12-15:52:16.399286 5da8 [db\column_family.cc:474] --------------- Options for column family [Configuration]:
2022/05/12-15:52:16.399300 5da8               Options.comparator: leveldb.BytewiseComparator
2022/05/12-15:52:16.399303 5da8           Options.merge_operator: StringAppendOperator
2022/05/12-15:52:16.399307 5da8        Options.compaction_filter: None
2022/05/12-15:52:16.399310 5da8        Options.compaction_filter_factory: None
2022/05/12-15:52:16.399313 5da8         Options.memtable_factory: SkipListFactory
2022/05/12-15:52:16.399316 5da8            Options.table_factory: BlockBasedTable
2022/05/12-15:52:16.399348 5da8            table_factory options:   flush_block_policy_factory: FlushBlockBySizePolicyFactory (0000000028473E20)
  cache_index_and_filter_blocks: 0
  cache_index_and_filter_blocks_with_high_priority: 1
  pin_l0_filter_and_index_blocks_in_cache: 1
  pin_top_level_index_and_filter: 1
  index_type: 2
  hash_index_allow_collision: 1
  checksum: 1
  no_block_cache: 0
  block_cache: 0000000000C9C090
  block_cache_name: LRUCache
  block_cache_options:
    capacity : 536870912
    num_shard_bits : 8
    strict_capacity_limit : 0
    memory_allocator : None
    high_pri_pool_ratio: 0.000
  block_cache_compressed: 0000000000000000
  persistent_cache: 0000000000000000
  block_size: 4096
  block_size_deviation: 10
  block_restart_interval: 16
  index_block_restart_interval: 1
  metadata_block_size: 8192
  partition_filters: 1
  use_delta_encoding: 1
  filter_policy: nullptr
  whole_key_filtering: 1
  verify_compression: 0
  read_amp_bytes_per_bit: 0
  format_version: 0
  enable_index_compression: 1
  block_align: 0
2022/05/12-15:52:16.399352 5da8        Options.write_buffer_size: 67108864
2022/05/12-15:52:16.399386 5da8  Options.max_write_buffer_number: 3
2022/05/12-15:52:16.399392 5da8          Options.compression: Snappy
2022/05/12-15:52:16.399395 5da8                  Options.bottommost_compression: Disabled
2022/05/12-15:52:16.399399 5da8       Options.prefix_extractor: rocksdb.FixedPrefix.8
2022/05/12-15:52:16.399402 5da8   Options.memtable_insert_with_hint_prefix_extractor: nullptr
2022/05/12-15:52:16.399405 5da8             Options.num_levels: 7
2022/05/12-15:52:16.399409 5da8        Options.min_write_buffer_number_to_merge: 1
2022/05/12-15:52:16.399412 5da8     Options.max_write_buffer_number_to_maintain: 0
2022/05/12-15:52:16.399415 5da8            Options.bottommost_compression_opts.window_bits: -14
2022/05/12-15:52:16.399418 5da8                  Options.bottommost_compression_opts.level: 32767
2022/05/12-15:52:16.399422 5da8               Options.bottommost_compression_opts.strategy: 0
2022/05/12-15:52:16.399425 5da8         Options.bottommost_compression_opts.max_dict_bytes: 0
2022/05/12-15:52:16.399428 5da8         Options.bottommost_compression_opts.zstd_max_train_bytes: 0
2022/05/12-15:52:16.399432 5da8                  Options.bottommost_compression_opts.enabled: false
2022/05/12-15:52:16.399435 5da8            Options.compression_opts.window_bits: -14
2022/05/12-15:52:16.399438 5da8                  Options.compression_opts.level: 32767
2022/05/12-15:52:16.399442 5da8               Options.compression_opts.strategy: 0
2022/05/12-15:52:16.399445 5da8         Options.compression_opts.max_dict_bytes: 0
2022/05/12-15:52:16.399448 5da8         Options.compression_opts.zstd_max_train_bytes: 0
2022/05/12-15:52:16.399451 5da8                  Options.compression_opts.enabled: false
2022/05/12-15:52:16.399455 5da8      Options.level0_file_num_compaction_trigger: 10
2022/05/12-15:52:16.399458 5da8          Options.level0_slowdown_writes_trigger: 20
2022/05/12-15:52:16.399461 5da8              Options.level0_stop_writes_trigger: 40
2022/05/12-15:52:16.399465 5da8                   Options.target_file_size_base: 67108864
2022/05/12-15:52:16.399468 5da8             Options.target_file_size_multiplier: 1
2022/05/12-15:52:16.399471 5da8                Options.max_bytes_for_level_base: 536870912
2022/05/12-15:52:16.399474 5da8 Options.level_compaction_dynamic_level_bytes: 0
2022/05/12-15:52:16.399478 5da8          Options.max_bytes_for_level_multiplier: 10.000000
2022/05/12-15:52:16.399482 5da8 Options.max_bytes_for_level_multiplier_addtl[0]: 1
2022/05/12-15:52:16.399486 5da8 Options.max_bytes_for_level_multiplier_addtl[1]: 1
2022/05/12-15:52:16.399489 5da8 Options.max_bytes_for_level_multiplier_addtl[2]: 1
2022/05/12-15:52:16.399493 5da8 Options.max_bytes_for_level_multiplier_addtl[3]: 1
2022/05/12-15:52:16.399496 5da8 Options.max_bytes_for_level_multiplier_addtl[4]: 1
2022/05/12-15:52:16.399499 5da8 Options.max_bytes_for_level_multiplier_addtl[5]: 1
2022/05/12-15:52:16.399503 5da8 Options.max_bytes_for_level_multiplier_addtl[6]: 1
2022/05/12-15:52:16.399506 5da8       Options.max_sequential_skip_in_iterations: 8
2022/05/12-15:52:16.399510 5da8                    Options.max_compaction_bytes: 1677721600
2022/05/12-15:52:16.399513 5da8                        Options.arena_block_size: 8388608
2022/05/12-15:52:16.399516 5da8   Options.soft_pending_compaction_bytes_limit: 68719476736
2022/05/12-15:52:16.399520 5da8   Options.hard_pending_compaction_bytes_limit: 274877906944
2022/05/12-15:52:16.399523 5da8       Options.rate_limit_delay_max_milliseconds: 100
2022/05/12-15:52:16.399526 5da8                Options.disable_auto_compactions: 0
2022/05/12-15:52:16.399530 5da8                        Options.compaction_style: kCompactionStyleLevel
2022/05/12-15:52:16.399534 5da8                          Options.compaction_pri: kByCompensatedSize
2022/05/12-15:52:16.399538 5da8 Options.compaction_options_universal.size_ratio: 1
2022/05/12-15:52:16.399541 5da8 Options.compaction_options_universal.min_merge_width: 2
2022/05/12-15:52:16.399544 5da8 Options.compaction_options_universal.max_merge_width: 4294967295
2022/05/12-15:52:16.399549 5da8 Options.compaction_options_universal.max_size_amplification_percent: 200
2022/05/12-15:52:16.399553 5da8 Options.compaction_options_universal.compression_size_percent: -1
2022/05/12-15:52:16.399556 5da8 Options.compaction_options_universal.stop_style: kCompactionStopStyleTotalSize
2022/05/12-15:52:16.399560 5da8 Options.compaction_options_fifo.max_table_files_size: 1073741824
2022/05/12-15:52:16.399564 5da8 Options.compaction_options_fifo.allow_compaction: 0
2022/05/12-15:52:16.399567 5da8 Options.compaction_options_fifo.ttl: 0
2022/05/12-15:52:16.399570 5da8                   Options.table_properties_collectors: 
2022/05/12-15:52:16.399573 5da8                   Options.inplace_update_support: 0
2022/05/12-15:52:16.399576 5da8                 Options.inplace_update_num_locks: 10000
2022/05/12-15:52:16.399585 5da8               Options.memtable_prefix_bloom_size_ratio: 0.125000
2022/05/12-15:52:16.399590 5da8   Options.memtable_huge_page_size: 0
2022/05/12-15:52:16.399593 5da8                           Options.bloom_locality: 0
2022/05/12-15:52:16.399596 5da8                    Options.max_successive_merges: 0
2022/05/12-15:52:16.399599 5da8                Options.optimize_filters_for_hits: 0
2022/05/12-15:52:16.399602 5da8                Options.paranoid_file_checks: 0
2022/05/12-15:52:16.399605 5da8                Options.force_consistency_checks: 1
2022/05/12-15:52:16.399608 5da8                Options.report_bg_io_stats: 0
2022/05/12-15:52:16.399611 5da8                               Options.ttl: 0
2022/05/12-15:52:16.401086 5da8 [db\db_impl.cc:1606] Created column family [Configuration] (ID 1)
2022/05/12-15:52:16.422551 5da8 [db\db_impl_open.cc:1314] DB pointer 00000000285EAE30
2022/05/12-15:52:16.422831 6300 [WARN] [db\db_impl.cc:669] ------- DUMPING STATS -------
2022/05/12-15:52:16.422842 6300 [WARN] [db\db_impl.cc:670] 
** DB Stats **
Uptime(secs): 0.0 total, 0.0 interval
Cumulative writes: 0 writes, 0 keys, 0 commit groups, 0.0 writes per commit group, ingest: 0.00 GB, 0.00 MB/s
Cumulative WAL: 0 writes, 0 syncs, 0.00 writes per sync, written: 0.00 GB, 0.00 MB/s
Cumulative stall: 00:00:0.000 H:M:S, 0.0 percent
Interval writes: 0 writes, 0 keys, 0 commit groups, 0.0 writes per commit group, ingest: 0.00 MB, 0.00 MB/s
Interval WAL: 0 writes, 0 syncs, 0.00 writes per sync, written: 0.00 MB, 0.00 MB/s
Interval stall: 00:00:0.000 H:M:S, 0.0 percent

** Compaction Stats [default] **
Level    Files   Size     Score Read(GB)  Rn(GB) Rnp1(GB) Write(GB) Wnew(GB) Moved(GB) W-Amp Rd(MB/s) Wr(MB/s) Comp(sec) Comp(cnt) Avg(sec) KeyIn KeyDrop
----------------------------------------------------------------------------------------------------------------------------------------------------------
 Sum      0/0    0.00 KB   0.0      0.0     0.0      0.0       0.0      0.0       0.0   0.0      0.0      0.0         0         0    0.000       0      0
 Int      0/0    0.00 KB   0.0      0.0     0.0      0.0       0.0      0.0       0.0   0.0      0.0      0.0         0         0    0.000       0      0
Uptime(secs): 0.0 total, 0.0 interval
Flush(GB): cumulative 0.000, interval 0.000
AddFile(GB): cumulative 0.000, interval 0.000
AddFile(Total Files): cumulative 0, interval 0
AddFile(L0 Files): cumulative 0, interval 0
AddFile(Keys): cumulative 0, interval 0
Cumulative compaction: 0.00 GB write, 0.00 MB/s write, 0.00 GB read, 0.00 MB/s read, 0.0 seconds
Interval compaction: 0.00 GB write, 0.00 MB/s write, 0.00 GB read, 0.00 MB/s read, 0.0 seconds
Stalls(count): 0 level0_slowdown, 0 level0_slowdown_with_compaction, 0 level0_numfiles, 0 level0_numfiles_with_compaction, 0 stop for pending_compaction_bytes, 0 slowdown for pending_compaction_bytes, 0 memtable_compaction, 0 memtable_slowdown, interval 0 total count

** File Read Latency Histogram By Level [default] **

** Compaction Stats [Configuration] **
Level    Files   Size     Score Read(GB)  Rn(GB) Rnp1(GB) Write(GB) Wnew(GB) Moved(GB) W-Amp Rd(MB/s) Wr(MB/s) Comp(sec) Comp(cnt) Avg(sec) KeyIn KeyDrop
----------------------------------------------------------------------------------------------------------------------------------------------------------
 Sum      0/0    0.00 KB   0.0      0.0     0.0      0.0       0.0      0.0       0.0   0.0      0.0      0.0         0         0    0.000       0      0
 Int      0/0    0.00 KB   0.0      0.0     0.0      0.0       0.0      0.0       0.0   0.0      0.0      0.0         0         0    0.000       0      0
Uptime(secs): 0.0 total, 0.0 interval
Flush(GB): cumulative 0.000, interval 0.000
AddFile(GB): cumulative 0.000, interval 0.000
AddFile(Total Files): cumulative 0, interval 0
AddFile(L0 Files): cumulative 0, interval 0
AddFile(Keys): cumulative 0, interval 0
Cumulative compaction: 0.00 GB write, 0.00 MB/s write, 0.00 GB read, 0.00 MB/s read, 0.0 seconds
Interval compaction: 0.00 GB write, 0.00 MB/s write, 0.00 GB read, 0.00 MB/s read, 0.0 seconds
Stalls(count): 0 level0_slowdown, 0 level0_slowdown_with_compaction, 0 level0_numfiles, 0 level0_numfiles_with_compaction, 0 stop for pending_compaction_bytes, 0 slowdown for pending_compaction_bytes, 0 memtable_compaction, 0 memtable_slowdown, interval 0 total count

** File Read Latency Histogram By Level [Configuration] **

** Compaction Stats [default] **
Level    Files   Size     Score Read(GB)  Rn(GB) Rnp1(GB) Write(GB) Wnew(GB) Moved(GB) W-Amp Rd(MB/s) Wr(MB/s) Comp(sec) Comp(cnt) Avg(sec) KeyIn KeyDrop
----------------------------------------------------------------------------------------------------------------------------------------------------------
 Sum      0/0    0.00 KB   0.0      0.0     0.0      0.0       0.0      0.0       0.0   0.0      0.0      0.0         0         0    0.000       0      0
 Int      0/0    0.00 KB   0.0      0.0     0.0      0.0       0.0      0.0       0.0   0.0      0.0      0.0         0         0    0.000       0      0
Uptime(secs): 0.0 total, 0.0 interval
Flush(GB): cumulative 0.000, interval 0.000
AddFile(GB): cumulative 0.000, interval 0.000
AddFile(Total Files): cumulative 0, interval 0
AddFile(L0 Files): cumulative 0, interval 0
AddFile(Keys): cumulative 0, interval 0
Cumulative compaction: 0.00 GB write, 0.00 MB/s write, 0.00 GB read, 0.00 MB/s read, 0.0 seconds
Interval compaction: 0.00 GB write, 0.00 MB/s write, 0.00 GB read, 0.00 MB/s read, 0.0 seconds
Stalls(count): 0 level0_slowdown, 0 level0_slowdown_with_compaction, 0 level0_numfiles, 0 level0_numfiles_with_compaction, 0 stop for pending_compaction_bytes, 0 slowdown for pending_compaction_bytes, 0 memtable_compaction, 0 memtable_slowdown, interval 0 total count

** File Read Latency Histogram By Level [default] **

** Compaction Stats [Configuration] **
Level    Files   Size     Score Read(GB)  Rn(GB) Rnp1(GB) Write(GB) Wnew(GB) Moved(GB) W-Amp Rd(MB/s) Wr(MB/s) Comp(sec) Comp(cnt) Avg(sec) KeyIn KeyDrop
----------------------------------------------------------------------------------------------------------------------------------------------------------
 Sum      0/0    0.00 KB   0.0      0.0     0.0      0.0       0.0      0.0       0.0   0.0      0.0      0.0         0         0    0.000       0      0
 Int      0/0    0.00 KB   0.0      0.0     0.0      0.0       0.0      0.0       0.0   0.0      0.0      0.0         0         0    0.000       0      0
Uptime(secs): 0.0 total, 0.0 interval
Flush(GB): cumulative 0.000, interval 0.000
AddFile(GB): cumulative 0.000, interval 0.000
AddFile(Total Files): cumulative 0, interval 0
AddFile(L0 Files): cumulative 0, interval 0
AddFile(Keys): cumulative 0, interval 0
Cumulative compaction: 0.00 GB write, 0.00 MB/s write, 0.00 GB read, 0.00 MB/s read, 0.0 seconds
Interval compaction: 0.00 GB write, 0.00 MB/s write, 0.00 GB read, 0.00 MB/s read, 0.0 seconds
Stalls(count): 0 level0_slowdown, 0 level0_slowdown_with_compaction, 0 level0_numfiles, 0 level0_numfiles_with_compaction, 0 stop for pending_compaction_bytes, 0 slowdown for pending_compaction_bytes, 0 memtable_compaction, 0 memtable_slowdown, interval 0 total count

** File Read Latency Histogram By Level [Configuration] **
2022/05/12-15:52:16.423136 6300 [WARN] [db\db_impl.cc:617] STATISTICS:
 rocksdb.block.cache.miss COUNT : 0
rocksdb.block.cache.hit COUNT : 0
rocksdb.block.cache.add COUNT : 0
rocksdb.block.cache.add.failures COUNT : 0
rocksdb.block.cache.index.miss COUNT : 0
rocksdb.block.cache.index.hit COUNT : 0
rocksdb.block.cache.index.add COUNT : 0
rocksdb.block.cache.index.bytes.insert COUNT : 0
rocksdb.block.cache.index.bytes.evict COUNT : 0
rocksdb.block.cache.filter.miss COUNT : 0
rocksdb.block.cache.filter.hit COUNT : 0
rocksdb.block.cache.filter.add COUNT : 0
rocksdb.block.cache.filter.bytes.insert COUNT : 0
rocksdb.block.cache.filter.bytes.evict COUNT : 0
rocksdb.block.cache.data.miss COUNT : 0
rocksdb.block.cache.data.hit COUNT : 0
rocksdb.block.cache.data.add COUNT : 0
rocksdb.block.cache.data.bytes.insert COUNT : 0
rocksdb.block.cache.bytes.read COUNT : 0
rocksdb.block.cache.bytes.write COUNT : 0
rocksdb.bloom.filter.useful COUNT : 0
rocksdb.bloom.filter.full.positive COUNT : 0
rocksdb.bloom.filter.full.true.positive COUNT : 0
rocksdb.persistent.cache.hit COUNT : 0
rocksdb.persistent.cache.miss COUNT : 0
rocksdb.sim.block.cache.hit COUNT : 0
rocksdb.sim.block.cache.miss COUNT : 0
rocksdb.memtable.hit COUNT : 0
rocksdb.memtable.miss COUNT : 1
rocksdb.l0.hit COUNT : 0
rocksdb.l1.hit COUNT : 0
rocksdb.l2andup.hit COUNT : 0
rocksdb.compaction.key.drop.new COUNT : 0
rocksdb.compaction.key.drop.obsolete COUNT : 0
rocksdb.compaction.key.drop.range_del COUNT : 0
rocksdb.compaction.key.drop.user COUNT : 0
rocksdb.compaction.range_del.drop.obsolete COUNT : 0
rocksdb.compaction.optimized.del.drop.obsolete COUNT : 0
rocksdb.compaction.cancelled COUNT : 0
rocksdb.number.keys.written COUNT : 0
rocksdb.number.keys.read COUNT : 1
rocksdb.number.keys.updated COUNT : 0
rocksdb.bytes.written COUNT : 0
rocksdb.bytes.read COUNT : 0
rocksdb.number.db.seek COUNT : 3
rocksdb.number.db.next COUNT : 0
rocksdb.number.db.prev COUNT : 0
rocksdb.number.db.seek.found COUNT : 0
rocksdb.number.db.next.found COUNT : 0
rocksdb.number.db.prev.found COUNT : 0
rocksdb.db.iter.bytes.read COUNT : 0
rocksdb.no.file.closes COUNT : 0
rocksdb.no.file.opens COUNT : 0
rocksdb.no.file.errors COUNT : 0
rocksdb.l0.slowdown.micros COUNT : 0
rocksdb.memtable.compaction.micros COUNT : 0
rocksdb.l0.num.files.stall.micros COUNT : 0
rocksdb.stall.micros COUNT : 0
rocksdb.db.mutex.wait.micros COUNT : 0
rocksdb.rate.limit.delay.millis COUNT : 0
rocksdb.num.iterators COUNT : 0
rocksdb.number.multiget.get COUNT : 0
rocksdb.number.multiget.keys.read COUNT : 0
rocksdb.number.multiget.bytes.read COUNT : 0
rocksdb.number.deletes.filtered COUNT : 0
rocksdb.number.merge.failures COUNT : 0
rocksdb.bloom.filter.prefix.checked COUNT : 0
rocksdb.bloom.filter.prefix.useful COUNT : 0
rocksdb.number.reseeks.iteration COUNT : 0
rocksdb.getupdatessince.calls COUNT : 0
rocksdb.block.cachecompressed.miss COUNT : 0
rocksdb.block.cachecompressed.hit COUNT : 0
rocksdb.block.cachecompressed.add COUNT : 0
rocksdb.block.cachecompressed.add.failures COUNT : 0
rocksdb.wal.synced COUNT : 0
rocksdb.wal.bytes COUNT : 0
rocksdb.write.self COUNT : 0
rocksdb.write.other COUNT : 0
rocksdb.write.timeout COUNT : 0
rocksdb.write.wal COUNT : 0
rocksdb.compact.read.bytes COUNT : 0
rocksdb.compact.write.bytes COUNT : 0
rocksdb.flush.write.bytes COUNT : 0
rocksdb.number.direct.load.table.properties COUNT : 0
rocksdb.number.superversion_acquires COUNT : 2
rocksdb.number.superversion_releases COUNT : 0
rocksdb.number.superversion_cleanups COUNT : 0
rocksdb.number.block.compressed COUNT : 0
rocksdb.number.block.decompressed COUNT : 0
rocksdb.number.block.not_compressed COUNT : 0
rocksdb.merge.operation.time.nanos COUNT : 0
rocksdb.filter.operation.time.nanos COUNT : 0
rocksdb.row.cache.hit COUNT : 0
rocksdb.row.cache.miss COUNT : 0
rocksdb.read.amp.estimate.useful.bytes COUNT : 0
rocksdb.read.amp.total.read.bytes COUNT : 0
rocksdb.number.rate_limiter.drains COUNT : 0
rocksdb.number.iter.skip COUNT : 0
rocksdb.blobdb.num.put COUNT : 0
rocksdb.blobdb.num.write COUNT : 0
rocksdb.blobdb.num.get COUNT : 0
rocksdb.blobdb.num.multiget COUNT : 0
rocksdb.blobdb.num.seek COUNT : 0
rocksdb.blobdb.num.next COUNT : 0
rocksdb.blobdb.num.prev COUNT : 0
rocksdb.blobdb.num.keys.written COUNT : 0
rocksdb.blobdb.num.keys.read COUNT : 0
rocksdb.blobdb.bytes.written COUNT : 0
rocksdb.blobdb.bytes.read COUNT : 0
rocksdb.blobdb.write.inlined COUNT : 0
rocksdb.blobdb.write.inlined.ttl COUNT : 0
rocksdb.blobdb.write.blob COUNT : 0
rocksdb.blobdb.write.blob.ttl COUNT : 0
rocksdb.blobdb.blob.file.bytes.written COUNT : 0
rocksdb.blobdb.blob.file.bytes.read COUNT : 0
rocksdb.blobdb.blob.file.synced COUNT : 0
rocksdb.blobdb.blob.index.expired.count COUNT : 0
rocksdb.blobdb.blob.index.expired.size COUNT : 0
rocksdb.blobdb.blob.index.evicted.count COUNT : 0
rocksdb.blobdb.blob.index.evicted.size COUNT : 0
rocksdb.blobdb.gc.num.files COUNT : 0
rocksdb.blobdb.gc.num.new.files COUNT : 0
rocksdb.blobdb.gc.failures COUNT : 0
rocksdb.blobdb.gc.num.keys.overwritten COUNT : 0
rocksdb.blobdb.gc.num.keys.expired COUNT : 0
rocksdb.blobdb.gc.num.keys.relocated COUNT : 0
rocksdb.blobdb.gc.bytes.overwritten COUNT : 0
rocksdb.blobdb.gc.bytes.expired COUNT : 0
rocksdb.blobdb.gc.bytes.relocated COUNT : 0
rocksdb.blobdb.fifo.num.files.evicted COUNT : 0
rocksdb.blobdb.fifo.num.keys.evicted COUNT : 0
rocksdb.blobdb.fifo.bytes.evicted COUNT : 0
rocksdb.txn.overhead.mutex.prepare COUNT : 0
rocksdb.txn.overhead.mutex.old.commit.map COUNT : 0
rocksdb.txn.overhead.duplicate.key COUNT : 0
rocksdb.txn.overhead.mutex.snapshot COUNT : 0
rocksdb.number.multiget.keys.found COUNT : 0
rocksdb.num.iterator.created COUNT : 3
rocksdb.num.iterator.deleted COUNT : 3
rocksdb.db.get.micros P50 : 2.000000 P95 : 2.000000 P99 : 2.000000 P100 : 2.000000 COUNT : 1 SUM : 2
rocksdb.db.write.micros P50 : 0.000000 P95 : 0.000000 P99 : 0.000000 P100 : 0.000000 COUNT : 0 SUM : 0
rocksdb.compaction.times.micros P50 : 0.000000 P95 : 0.000000 P99 : 0.000000 P100 : 0.000000 COUNT : 0 SUM : 0
rocksdb.subcompaction.setup.times.micros P50 : 0.000000 P95 : 0.000000 P99 : 0.000000 P100 : 0.000000 COUNT : 0 SUM : 0
rocksdb.table.sync.micros P50 : 0.000000 P95 : 0.000000 P99 : 0.000000 P100 : 0.000000 COUNT : 0 SUM : 0
rocksdb.compaction.outfile.sync.micros P50 : 0.000000 P95 : 0.000000 P99 : 0.000000 P100 : 0.000000 COUNT : 0 SUM : 0
rocksdb.wal.file.sync.micros P50 : 0.000000 P95 : 0.000000 P99 : 0.000000 P100 : 0.000000 COUNT : 0 SUM : 0
rocksdb.manifest.file.sync.micros P50 : 2900.000000 P95 : 2903.000000 P99 : 2903.000000 P100 : 2903.000000 COUNT : 2 SUM : 5653
rocksdb.table.open.io.micros P50 : 0.000000 P95 : 0.000000 P99 : 0.000000 P100 : 0.000000 COUNT : 0 SUM : 0
rocksdb.db.multiget.micros P50 : 0.000000 P95 : 0.000000 P99 : 0.000000 P100 : 0.000000 COUNT : 0 SUM : 0
rocksdb.read.block.compaction.micros P50 : 0.000000 P95 : 0.000000 P99 : 0.000000 P100 : 0.000000 COUNT : 0 SUM : 0
rocksdb.read.block.get.micros P50 : 0.000000 P95 : 0.000000 P99 : 0.000000 P100 : 0.000000 COUNT : 0 SUM : 0
rocksdb.write.raw.block.micros P50 : 0.000000 P95 : 0.000000 P99 : 0.000000 P100 : 0.000000 COUNT : 0 SUM : 0
rocksdb.l0.slowdown.count P50 : 0.000000 P95 : 0.000000 P99 : 0.000000 P100 : 0.000000 COUNT : 0 SUM : 0
rocksdb.memtable.compaction.count P50 : 0.000000 P95 : 0.000000 P99 : 0.000000 P100 : 0.000000 COUNT : 0 SUM : 0
rocksdb.num.files.stall.count P50 : 0.000000 P95 : 0.000000 P99 : 0.000000 P100 : 0.000000 COUNT : 0 SUM : 0
rocksdb.hard.rate.limit.delay.count P50 : 0.000000 P95 : 0.000000 P99 : 0.000000 P100 : 0.000000 COUNT : 0 SUM : 0
rocksdb.soft.rate.limit.delay.count P50 : 0.000000 P95 : 0.000000 P99 : 0.000000 P100 : 0.000000 COUNT : 0 SUM : 0
rocksdb.numfiles.in.singlecompaction P50 : 0.000000 P95 : 0.000000 P99 : 0.000000 P100 : 0.000000 COUNT : 0 SUM : 0
rocksdb.db.seek.micros P50 : 0.000000 P95 : 0.000000 P99 : 0.000000 P100 : 0.000000 COUNT : 0 SUM : 0
rocksdb.db.write.stall P50 : 0.000000 P95 : 0.000000 P99 : 0.000000 P100 : 0.000000 COUNT : 0 SUM : 0
rocksdb.sst.read.micros P50 : 0.000000 P95 : 0.000000 P99 : 0.000000 P100 : 0.000000 COUNT : 0 SUM : 0
rocksdb.num.subcompactions.scheduled P50 : 0.000000 P95 : 0.000000 P99 : 0.000000 P100 : 0.000000 COUNT : 0 SUM : 0
rocksdb.bytes.per.read P50 : 0.000000 P95 : 0.000000 P99 : 0.000000 P100 : 0.000000 COUNT : 1 SUM : 0
rocksdb.bytes.per.write P50 : 0.000000 P95 : 0.000000 P99 : 0.000000 P100 : 0.000000 COUNT : 0 SUM : 0
rocksdb.bytes.per.multiget P50 : 0.000000 P95 : 0.000000 P99 : 0.000000 P100 : 0.000000 COUNT : 0 SUM : 0
rocksdb.bytes.compressed P50 : 0.000000 P95 : 0.000000 P99 : 0.000000 P100 : 0.000000 COUNT : 0 SUM : 0
rocksdb.bytes.decompressed P50 : 0.000000 P95 : 0.000000 P99 : 0.000000 P100 : 0.000000 COUNT : 0 SUM : 0
rocksdb.compression.times.nanos P50 : 0.000000 P95 : 0.000000 P99 : 0.000000 P100 : 0.000000 COUNT : 0 SUM : 0
rocksdb.decompression.times.nanos P50 : 0.000000 P95 : 0.000000 P99 : 0.000000 P100 : 0.000000 COUNT : 0 SUM : 0
rocksdb.read.num.merge_operands P50 : 0.000000 P95 : 0.000000 P99 : 0.000000 P100 : 0.000000 COUNT : 0 SUM : 0
rocksdb.blobdb.key.size P50 : 0.000000 P95 : 0.000000 P99 : 0.000000 P100 : 0.000000 COUNT : 0 SUM : 0
rocksdb.blobdb.value.size P50 : 0.000000 P95 : 0.000000 P99 : 0.000000 P100 : 0.000000 COUNT : 0 SUM : 0
rocksdb.blobdb.write.micros P50 : 0.000000 P95 : 0.000000 P99 : 0.000000 P100 : 0.000000 COUNT : 0 SUM : 0
rocksdb.blobdb.get.micros P50 : 0.000000 P95 : 0.000000 P99 : 0.000000 P100 : 0.000000 COUNT : 0 SUM : 0
rocksdb.blobdb.multiget.micros P50 : 0.000000 P95 : 0.000000 P99 : 0.000000 P100 : 0.000000 COUNT : 0 SUM : 0
rocksdb.blobdb.seek.micros P50 : 0.000000 P95 : 0.000000 P99 : 0.000000 P100 : 0.000000 COUNT : 0 SUM : 0
rocksdb.blobdb.next.micros P50 : 0.000000 P95 : 0.000000 P99 : 0.000000 P100 : 0.000000 COUNT : 0 SUM : 0
rocksdb.blobdb.prev.micros P50 : 0.000000 P95 : 0.000000 P99 : 0.000000 P100 : 0.000000 COUNT : 0 SUM : 0
rocksdb.blobdb.blob.file.write.micros P50 : 0.000000 P95 : 0.000000 P99 : 0.000000 P100 : 0.000000 COUNT : 0 SUM : 0
rocksdb.blobdb.blob.file.read.micros P50 : 0.000000 P95 : 0.000000 P99 : 0.000000 P100 : 0.000000 COUNT : 0 SUM : 0
rocksdb.blobdb.blob.file.sync.micros P50 : 0.000000 P95 : 0.000000 P99 : 0.000000 P100 : 0.000000 COUNT : 0 SUM : 0
rocksdb.blobdb.gc.micros P50 : 0.000000 P95 : 0.000000 P99 : 0.000000 P100 : 0.000000 COUNT : 0 SUM : 0
rocksdb.blobdb.compression.micros P50 : 0.000000 P95 : 0.000000 P99 : 0.000000 P100 : 0.000000 COUNT : 0 SUM : 0
rocksdb.blobdb.decompression.micros P50 : 0.000000 P95 : 0.000000 P99 : 0.000000 P100 : 0.000000 COUNT : 0 SUM : 0
rocksdb.db.flush.micros P50 : 0.000000 P95 : 0.000000 P99 : 0.000000 P100 : 0.000000 COUNT : 0 SUM : 0
2022/05/12-16:02:16.426569 6300 [WARN] [db\db_impl.cc:669] ------- DUMPING STATS -------
2022/05/12-16:02:16.426606 6300 [WARN] [db\db_impl.cc:670] 
** DB Stats **
Uptime(secs): 600.0 total, 600.0 interval
Cumulative writes: 1 writes, 2 keys, 1 commit groups, 0.5 writes per commit group, ingest: 0.00 GB, 0.00 MB/s
Cumulative WAL: 1 writes, 1 syncs, 0.50 writes per sync, written: 0.00 GB, 0.00 MB/s
Cumulative stall: 00:00:0.000 H:M:S, 0.0 percent
Interval writes: 1 writes, 2 keys, 1 commit groups, 0.5 writes per commit group, ingest: 0.00 MB, 0.00 MB/s
